,id_str,created_at,retweet_count,favorite_count,text
0,669219689235517440,Tue Nov 24 18:23:02 +0000 2015,0,0,👯 @ Nat Taylor Cinema https://t.co/WfSndXWRqj
1,667418356673339392,Thu Nov 19 19:05:10 +0000 2015,0,0,Running away from school because I didn't do any of my readings hehe 🙈 #ilovethursdaynights @… https://t.co/m9njCbeEbD
2,666818647604727808,Wed Nov 18 03:22:09 +0000 2015,0,0,What do you mean??
3,666293323829768194,Mon Nov 16 16:34:42 +0000 2015,621,0,RT @itsWillyFerrell: My life https://t.co/JDqiKPFPfM
4,665789571880189952,Sun Nov 15 07:12:58 +0000 2015,0,0,Some hot stuff over here @ EFS https://t.co/0kHlXl7GLl
5,665271237388578816,Fri Nov 13 20:53:17 +0000 2015,0,0,Making it to the club on time definitely 👌🏻 #lizyforgetsbaginubercar #toomanypictures @ Grace O'Malley's https://t.co/wmKpgRaiB8
6,663435076206637056,Sun Nov 08 19:17:02 +0000 2015,0,0,shoutout to that one guy turning into a bartender handing out free beer 😂😂 oh yea... And forever the… https://t.co/KW7H0F0lt1
7,661265480829698048,Mon Nov 02 19:35:51 +0000 2015,0,0,There are 44 reasons why I love life right about now 🤓 🤗 #44 https://t.co/sK2YEVCbD2
8,660154200253317120,Fri Oct 30 18:00:01 +0000 2015,0,0,Still deciding what costume I wanna wear ..... Just cause there are too many options 🎃 https://t.co/YDYTnflGHi
9,659416137600401408,Wed Oct 28 17:07:13 +0000 2015,0,0,"Happyyyy Birthday to this beautiful gal! Sooo happy that we became friendss. 👯 Your so caring, sweet… https://t.co/hicQgUpLtr"
10,658688974467166208,Mon Oct 26 16:57:44 +0000 2015,0,0,"If only it was still the weekend 🙄🛍🎃#sooon @ Toronto, Ontario https://t.co/ip7GLl3ShN"
11,657267373037060097,Thu Oct 22 18:48:47 +0000 2015,0,0,throwback to still having tan lines and not having to plan hectic schedules 👣💁🏼⛽️ @ 401 West https://t.co/WVswwca4hF
12,657074874779697152,Thu Oct 22 06:03:52 +0000 2015,0,0,@itsmetans I wanted to but you popped it before I got a chance haha
13,653948273405857792,Tue Oct 13 14:59:52 +0000 2015,0,1,"May 22nd!!! yes so excited #selenagomezrevivaltour
#meetandgreet"
14,653947866176692225,Tue Oct 13 14:58:15 +0000 2015,24,0,RT @accesshollywood: .@selenagomez is coming alive after the release of #Revival. She's taking over NYC! http://t.co/Qqb0UA0wz2 http://t.co…
15,652903222663880704,Sat Oct 10 17:47:13 +0000 2015,0,1,Isn't my love so cute #dog Nero 💚😘 renipencheva https://t.co/BAuVSMPAXt
16,651488319776256000,Tue Oct 06 20:04:54 +0000 2015,0,0,Cause it's instagrams birthday and I had to 💙 #addidas https://t.co/9CYTFylkem
17,650757846141808640,Sun Oct 04 19:42:15 +0000 2015,0,0,Happiest of birthdays to this awesome gal! Ever since grade 9 math class to going out  everywhere to… https://t.co/RqSxJEAOLy
18,650052226270924800,Fri Oct 02 20:58:22 +0000 2015,0,0,Cause four is better than one ✌🏻️🐘 https://t.co/rhqKvlYWQ8
19,649624974739697664,Thu Oct 01 16:40:38 +0000 2015,0,0,Time to chill out from school 🍩 #yorku #timmiesrun @ York University Student Centre https://t.co/0yu02GQe63
20,647912259772022784,Sat Sep 26 23:14:55 +0000 2015,0,0,✌🏻️ spending time with these crazy girls 😘 🙌🏻 @ Bloke https://t.co/Acl92ORR7O
21,647465692527091712,Fri Sep 25 17:40:25 +0000 2015,0,0,High off this edge 🚁 @ Two Bloor West https://t.co/WqFvb6jxpO
22,646027916271296512,Mon Sep 21 18:27:12 +0000 2015,0,0,I'm in that passenger seat ridin high in the air... Op no I'm just tryin to get to class🚦🚘 @ Yorkdale… https://t.co/2TExNPlIh4
23,643854120064032768,Tue Sep 15 18:29:19 +0000 2015,0,0,Shine bright like a diamond 💎 https://t.co/W4k6I0F6py
24,641304683768860672,Tue Sep 08 17:38:46 +0000 2015,0,0,Just doin it cause you can't 🐞 #september #nomorefreedom @ Leslieville https://t.co/DTBbcDJ8Wx
25,640588286952624128,Sun Sep 06 18:12:03 +0000 2015,0,0,"Wish you were here 🌊🍹 @ Wasaga Beach, Ontario https://t.co/dM5yctkROv"
26,638406616610639872,Mon Aug 31 17:42:53 +0000 2015,0,0,First time going to the CNE in the 15 years I've been in this country 😎🎡#followmeeverywhereigo #smile… https://t.co/zeC3ZN6lgK
27,637685787031662592,Sat Aug 29 17:58:33 +0000 2015,0,0,Denim effect ✌🏻️ @ Leaside https://t.co/37vfvoWuyl
28,636246993350840320,Tue Aug 25 18:41:18 +0000 2015,0,0,There's always a night that ends with shisha 😎😍 https://t.co/GtDKK09gva
29,635593935746912258,Sun Aug 23 23:26:17 +0000 2015,0,0,Live laugh love 😊 https://t.co/y0S0HxdfeJ
30,634129762965962752,Wed Aug 19 22:28:11 +0000 2015,0,0,Staring into your eyes and smiling is what I do best 😇🌞 https://t.co/51ccZGAG6w
31,632592632460496896,Sat Aug 15 16:40:11 +0000 2015,0,0,Just before I shoved him in the trunk 😼#Filipisbae #myactualbestfriend #cousins https://t.co/iRcYxl7fLF
32,632244853569622016,Fri Aug 14 17:38:14 +0000 2015,0,0,Knowing that it's Friday makes me really really happy 😁💁🏼 https://t.co/iUXcLKBXzM
33,631152718015561728,Tue Aug 11 17:18:28 +0000 2015,0,0,💋💋💋 @ home sweet home 🏡 https://t.co/zNJt5Ei5Um
34,630494476428017664,Sun Aug 09 21:42:51 +0000 2015,0,0,💁🏼 who needs guys when you have your best friend right beside you #sexybabes #bullshit #assholes @… https://t.co/gdOcgEteU4
35,628646668905414657,Tue Aug 04 19:20:20 +0000 2015,0,0,Tattoos are soon becoming my obsession 💉 #iwantmore #someonecomewithme #2already #tatted #blackhair… https://t.co/WW7aSFw6l4
36,627900622264750080,Sun Aug 02 17:55:48 +0000 2015,0,0,this is what it looks like when you don't know what your laughing about ✌🏻️#heelsoff #neon #blonds… https://t.co/vwCjFf5zgW
37,627171586622291968,Fri Jul 31 17:38:53 +0000 2015,0,0,"""Enjoy every little piece of your life cause you never know one day when you wake up it can be gone""… https://t.co/lWx7JeBlmi"
38,625784461641318400,Mon Jul 27 21:46:56 +0000 2015,0,0,If only summer was forever 🐳🐠 ☀️ @ My backyard 🏄🏼 https://t.co/Qh1AYc6h7y
39,625028310788112384,Sat Jul 25 19:42:16 +0000 2015,0,0,I just enjoy having a coke with my name on it ✔️ Niya™👅 #Toronto #panam #2015 #shareacoke @ PAP -… https://t.co/jFe92g0teM
40,624338231107133442,Thu Jul 23 22:00:08 +0000 2015,0,0,'96 BG babe https://t.co/cQMjklQjye
41,622448687583768576,Sat Jul 18 16:51:46 +0000 2015,0,0,When life gives you lemons...... Add vodka 🍸 @ Queen Street https://t.co/kVu0Osl795
42,621364954504036353,Wed Jul 15 17:05:24 +0000 2015,0,0,My #wcw everyday 👅#mileydoesitbest https://t.co/9MidpK4cad
43,619978715016073217,Sat Jul 11 21:16:58 +0000 2015,0,0,Just cause I couldn't choose one 💕 @ Downtown Toronto https://t.co/yCpdTQDsoe
44,619370522145632256,Fri Jul 10 05:00:14 +0000 2015,0,0,Gracie's night with my loves 😻😻😻😻 https://t.co/1ZJSIufUDj
45,619295504413888512,Fri Jul 10 00:02:08 +0000 2015,0,0,Running through the 6ix with my woe @ Nathan Phillips Square - Mainstage (TD Jazz) https://t.co/Zco5bSeLXr
46,618863616402530305,Wed Jul 08 19:25:58 +0000 2015,0,0,It's a Miley kind of day 💁🏼👅😻 @ Doggie Park 🐶 https://t.co/cWmDPH0552
47,617074750859386880,Fri Jul 03 20:57:39 +0000 2015,0,0,Suns out buns out ☀️ @ Paradise 🌸😍 https://t.co/1veUePd1AY
48,614587059563573253,Sat Jun 27 00:12:28 +0000 2015,0,0,💄girls night outtt 💵🍹 @ Downtown Toronto https://t.co/HwEpuTyYqe
49,613771984216920064,Wed Jun 24 18:13:39 +0000 2015,0,0,"Pools in the backyard = loud music, tan skin and parties 👙🙈😍 @ My backyard 🏄🏼 https://t.co/U3Kr0IVEs2"
50,612798700130299904,Mon Jun 22 01:46:10 +0000 2015,17,0,RT @TylerShawMusic: About to present with @dantalevski at the @Much #MMVAs !!! See you on stage
51,611255756277592065,Wed Jun 17 19:35:03 +0000 2015,0,0,"""I see her dancing on the streets, sipping champagne on the beach, so expensive when she eats cause… https://t.co/jZFvB2Ej7t"
52,609238308703576064,Fri Jun 12 05:58:26 +0000 2015,0,0,My gurlzzzzsssx https://t.co/Z1sKQ518kZ
53,609144804895760384,Thu Jun 11 23:46:53 +0000 2015,0,0,"Wow, why is everybody asking about our shoes .... Because there gladiators 😜 had a blast at The… https://t.co/vfSgTrOFBY"
54,607337525976428544,Sun Jun 07 00:05:24 +0000 2015,0,0,Nerooooooooo ❤️❤️❤️ https://t.co/y6MZ8NzBv3
55,606554078097711104,Thu Jun 04 20:12:16 +0000 2015,0,0,"#tbt to those competitions in Ottawa, best friends, sleeping in college dorms, 2am fire alarms, and… https://t.co/m5PEPHTPU4"
56,603641212843753472,Wed May 27 19:17:34 +0000 2015,0,1,I feel like I'm still on vacation when I hang out with this one ❤️❤️ #beach #sun #vaca… https://t.co/zqiVcLRouF
57,603264534283956224,Tue May 26 18:20:47 +0000 2015,0,0,Selfie bombinnn #hot summer lovin https://t.co/fYZmiTvNhk
58,602281329468776448,Sun May 24 01:13:53 +0000 2015,0,0,25 outfit changes for 4 days imagine if we stayed for a week 😝 🇵🇷👙 #Varadero #sisters?… https://t.co/Fsi1ED3Kl2
59,600323737100103681,Mon May 18 15:35:07 +0000 2015,0,0,"I don't wanna leave this awesome weather ☀️☀️☀️👙👌🏻 @ Iberostar Laguna Azul, Varadero, Cuba https://t.co/p2aG87PTuF"
60,597460281846030337,Sun May 10 17:56:46 +0000 2015,0,0,Mommyyy you'll always have a place in my heart 💝 19 years of fabulous fun and laughter with such a… https://t.co/yyxzJN8UXB
61,595012813204094977,Sun May 03 23:51:24 +0000 2015,0,0,My favorite boy 😘 #Nerkoooooo #doggie 💝 https://t.co/jy60fCOfBJ
62,592092382373490689,Sat Apr 25 22:26:39 +0000 2015,0,0,"I wish I had a sister, but I think by mommy is way coolerrrrr #loveyoutobits 💓💞 #coolestmum https://t.co/KXFv8aUGSY"
63,591303731527954434,Thu Apr 23 18:12:50 +0000 2015,0,0,Some acrobatic I am 😂#MyIdol https://t.co/9qog6ZFwFN
64,587377669215559681,Sun Apr 12 22:12:03 +0000 2015,0,0,Sunny days forever 😎 https://t.co/hySCnZNQeY
65,584128161035591681,Fri Apr 03 22:59:40 +0000 2015,0,0,🙅🎀👣🌷🐙🍭 https://t.co/FwI8uQZ0Q9
66,581487433784664064,Fri Mar 27 16:06:22 +0000 2015,0,0,Fridaaayyyyyy 😊 https://t.co/abbH0ESt8g
67,579807783169728512,Mon Mar 23 00:52:02 +0000 2015,0,0,💨 https://t.co/HSj5n3i83w
68,577467244281741312,Mon Mar 16 13:51:34 +0000 2015,0,0,"I am proud to call this beautiful, kind, caring and ambitious person my mother! No ones love for you… https://t.co/NGNao3cMFM"
69,576096311197466625,Thu Mar 12 19:03:58 +0000 2015,0,1,@QuinKirweiner @tanyadashredder ohh myyy 🙈 it seems like it was yesterday .. But actually it was so long agooooo
70,576095530159337473,Thu Mar 12 19:00:52 +0000 2015,0,0,@tanyadashredder @QuinKirweiner lollllllll
71,575157692114796544,Tue Mar 10 04:54:14 +0000 2015,18791,0,"RT @AppStore: The Watch is coming. 4.24.15.  http://t.co/4iiurTDTt9
https://t.co/3Bedz37DAy"
72,574350093974904832,Sat Mar 07 23:25:07 +0000 2015,0,0,Long hair days 👸 https://t.co/zzczMFdDvr
73,572412831171276800,Mon Mar 02 15:07:08 +0000 2015,0,0,😎 https://t.co/57vKrggOgd
74,568873969857761280,Fri Feb 20 20:44:58 +0000 2015,0,0,🌸 http://t.co/gpYxKVBNZG
75,566765114133860352,Sun Feb 15 01:05:07 +0000 2015,0,0,Wonderful handmade creation 😍😊💞 http://t.co/D5C42xOu0o
76,566678850235801600,Sat Feb 14 19:22:20 +0000 2015,0,0,🌻🌺🍩🍬🍭 http://t.co/xXWwLktLba
77,563368438802812928,Thu Feb 05 16:07:57 +0000 2015,0,0,http://t.co/6MQHpmWWVC http://t.co/Alm56Hht2S
78,562317089399398400,Mon Feb 02 18:30:16 +0000 2015,0,0,Starting off fresh faced with my @nike sports bra 💪 day 1 nikeworkout #fitness #fit #beachbody… http://t.co/LqIDfMPvZo
79,560187803288735745,Tue Jan 27 21:29:14 +0000 2015,0,0,I need a vaca away.... Someone's gotta join the party 👙🌞💐 http://t.co/xGb335euFX
80,556947755697201153,Sun Jan 18 22:54:27 +0000 2015,0,0,New age and new stage in my life 😊 I hope it's one that I can remember and continue to accomplish all… http://t.co/AL1tq23f10
81,556644837433569280,Sun Jan 18 02:50:45 +0000 2015,0,0,The birthday girls and the blond one 💖😘😃 http://t.co/M0AYnJ11It
82,553242977150070785,Thu Jan 08 17:32:59 +0000 2015,0,0,@michelleasoares @AndjelaEskicXO lollll well out butts aren't that big I hope 😜😜😜
83,548888243182518272,Sat Dec 27 17:08:49 +0000 2014,0,0,44 Tweety Birds 🐥#tweety #swaglife http://t.co/FsLQPCjzvD
84,543112246818521088,Thu Dec 11 18:37:04 +0000 2014,0,0,"Baby loves the snow ❄️👅⛄️
┏╗ ┏╗
║┃ ║┃╔━╦╦┳═╗
║┃ ┃╚┫║┃┃┃╩┫
┗╝ ╚━╩═┻━╩━╝
 ┓╔┓
║╚┛┣═╦┳╗
┗╗┏╣┃┃║┃
   ┗╝┗═┻═╝ http://t.co/DW7S9jBULS"
85,540970960439214080,Fri Dec 05 20:48:22 +0000 2014,0,1,To the ultimate fail times 🙈😂 gymnastics dayss #gymnastics #flashbackfridays lol http://t.co/ntpvkEKtXI
86,538748577687019520,Sat Nov 29 17:37:25 +0000 2014,0,0,My love 🐣🐝 http://t.co/wRyAHdLS6S
87,533663913410588672,Sat Nov 15 16:52:46 +0000 2014,0,0,Life is a journey.. choose the right people to spend it with 💋💗 #love http://t.co/ScAZnVzuzt
88,531603994222010368,Mon Nov 10 00:27:23 +0000 2014,0,0,Absolutely my favorite song 😊 on repeat since day 1 🙌💕 @selenagomez #heart #love #selena #foryou… http://t.co/FnRP9SeldO
89,531562107137830912,Sun Nov 09 21:40:56 +0000 2014,1,1,in love with @selenagomez's The Heart Wants What It Wants  @Billboard #heart #selena #onrepeat
90,531211134142251008,Sat Nov 08 22:26:18 +0000 2014,0,0,why you gotta be so cuteeee 💕 обичам те 🐾 http://t.co/DD7mgS7OmN
91,528687871872729088,Sat Nov 01 23:19:45 +0000 2014,0,0,where are my whiskers❔🐱🎃 http://t.co/K6jw1bHO6Y
92,526125780716511232,Sat Oct 25 21:38:55 +0000 2014,0,0,Niagara is turning up 💁 👌 #niagara #turnup #friends #love http://t.co/Gfm1Wto1Kl
93,523200633051283456,Fri Oct 17 19:55:26 +0000 2014,0,0,😘 http://t.co/QIknx6qoYL
94,519930619610931200,Wed Oct 08 19:21:34 +0000 2014,0,0,Canadian winter is coming ❄️📚💣I need a vacation #work #school #overload http://t.co/FxQzXh2HQS
95,515275037595930624,Thu Sep 25 23:01:56 +0000 2014,0,1,#tbt to some fun times #spain #thisview #takemeback #summer http://t.co/CffsOM8r49
96,513364322479652866,Sat Sep 20 16:29:26 +0000 2014,0,0,We tried to make the most out of this night 😚💚 #berniesbday #friends #love 🍰 http://t.co/JWGp4axnsf
97,507009459341000704,Wed Sep 03 03:37:29 +0000 2014,0,0,Just froshingg it upp 👌 #macfrosh #friends #fun #love http://t.co/LqKB2qH5M0
98,502932789252329472,Fri Aug 22 21:38:15 +0000 2014,0,0,Thanks @katrinacirone for the #alsicebucketchallenge nomination. I nominate jasminehuang and gracet0… http://t.co/zkQsILkPgp
99,501060013968719872,Sun Aug 17 17:36:31 +0000 2014,0,0,👀💃🍸#love #look #instagood #insta #accesories #boho #zara zara_worldwide http://t.co/jmO9oAtL70
100,496017442527670273,Sun Aug 03 19:39:08 +0000 2014,0,0,It's time for a party!! 😘 http://t.co/oyyTBnXRBy
101,493201880202612737,Sun Jul 27 01:11:06 +0000 2014,0,0,😘 #love http://t.co/cXAUWoo7e8
102,490892621422657536,Sun Jul 20 16:14:55 +0000 2014,0,0,Katy my lady :) 😃😍😃 #katyperry #toronto #prismaticworldtour #love #prism http://t.co/k0zEo0cIVs
103,490228289282535424,Fri Jul 18 20:15:06 +0000 2014,0,0,I kinda miss the heat ;) 🇪🇸🍺😎 http://t.co/s0kO4QAI1v
104,485440877733896192,Sat Jul 05 15:11:38 +0000 2014,0,0,Spanish days 😍🍻💃#summer http://t.co/ZHLR6MGVYb
105,484335610329452544,Wed Jul 02 13:59:42 +0000 2014,0,1,Looks like I've been stuck in paradise #Spain #beautiful http://t.co/saA50PdmpP
106,482885209764147201,Sat Jun 28 13:56:20 +0000 2014,0,0,Walking all around Madrid #ESP #Spain #touristlife http://t.co/azhZ3IsB84
107,481889399916216320,Wed Jun 25 19:59:20 +0000 2014,0,0,Graduation! Finally :)))) &lt;3 love this girl http://t.co/18LqxIh4r9
108,479279458588065794,Wed Jun 18 15:08:22 +0000 2014,0,2,One week to go before the trip of a lifetime #ESP #spain #vacation #beach #sun #love http://t.co/2FdCupNdIM
109,475407158532534274,Sat Jun 07 22:41:13 +0000 2014,0,0,#pool #hot #summer #tweegram #love http://t.co/b96X4B4cbC
110,472219669575651329,Fri May 30 03:35:17 +0000 2014,0,0,Prom!!! #prom2014 http://t.co/dbQKbSA01o
111,470316209838108672,Sat May 24 21:31:37 +0000 2014,0,0,Having a good snack before our Miss Universe Performance!!! ;) watch us tonight 8pm #missuniverse… http://t.co/D7M2J8ZS99
112,467022233563459585,Thu May 15 19:22:31 +0000 2014,0,0,#tbt #summer so excited for Summer!! Travelling and enjoying life just before starting the best times… http://t.co/tlqKTObHMs
113,465561667821400065,Sun May 11 18:38:45 +0000 2014,0,0,To the one person I do everything with. There is no other way to explain our relationship than mention… http://t.co/29INrr0WyD
114,462775161973121026,Sun May 04 02:06:11 +0000 2014,0,0,Wow and I thought we didn't look alike ...... Why'd you steal my hair colour :P #mommyandme #twins… http://t.co/YMjYe3TfQY
115,456997577339453441,Fri Apr 18 03:28:07 +0000 2014,0,0,"time for a break from school, Road Trip :P  #roadtrip #warmweather #shopping #relax http://t.co/lbYMKxaDEo"
116,450830089979064321,Tue Apr 01 03:00:44 +0000 2014,7752,0,RT @MileyCyrus: I didn't mean to be late Toronto ❤️
117,450828352098951168,Tue Apr 01 02:53:49 +0000 2014,0,1,Mileeeeyyyyyyyy!!!!!! BANGERZ awesome concert !!! #bangerztour  #mileycyrus #twerk #VIP… http://t.co/ZX4EIIE4i3
118,450659589030416385,Mon Mar 31 15:43:13 +0000 2014,2,0,RT @LiveNationFans: Biiiiiiig show in Toronto tonight. Who's going?! #NokiaAllAccess
119,450659570923630592,Mon Mar 31 15:43:09 +0000 2014,0,0,@LiveNationFans Bangerzzzzzz yeas!!! :) tonight can't wait !!
120,450655007130800128,Mon Mar 31 15:25:01 +0000 2014,0,0,@AirCanadaCentre @MileyCyrus @iconapop can't wait until tonight!!!!! 😃😝😜😀
121,450654796358647808,Mon Mar 31 15:24:10 +0000 2014,72,0,RT @AirCanadaCentre: TONIGHT: @MileyCyrus is here!  Doors: 6pm @iconapop: 7pm @MileyCyrus: 8pm. Enjoy the show! #MileyCyrusTO http://t.co/L…
122,448196938467655681,Mon Mar 24 20:37:31 +0000 2014,0,0,Just another Monday ;) http://t.co/rTrPnPwtRG
123,445353260355182592,Mon Mar 17 00:17:46 +0000 2014,0,0,"Happy Brithday Mommmy!!!! You are the coolest, best, most beautiful person in the world. I could have… http://t.co/9Y0FjDEl7U"
124,439066839046717440,Thu Feb 27 15:57:46 +0000 2014,1,0,The good old gym pictures! :P #tbt #throwback #gymnastics #fun http://t.co/qa9upz5jl0
125,435089983729594368,Sun Feb 16 16:35:10 +0000 2014,0,0,And then there were two...... :) &lt;3 #dog #lab #founddog http://t.co/nXBND8oaB1
126,433655055539896320,Wed Feb 12 17:33:16 +0000 2014,0,0,@adidasNEOLabel If I could spend the day @selenagomez we would eat pickles and dish about the latest new fashion trends!!! #SelenaNEOlaunch
127,431855489861685248,Fri Feb 07 18:22:26 +0000 2014,1,0,RT @yaelkanter: #ItsMileysWorld and we are just living in it @mileycyrus #RantingsOfaShopaholic… http://t.co/nGrGylBhbx
128,431585439628402688,Fri Feb 07 00:29:21 +0000 2014,0,0,On to a good nightttt :P with my girl... Last semi #tbt #fun #semi #party http://t.co/7Jr51w4eYC
129,429675504766312448,Sat Feb 01 17:59:58 +0000 2014,0,0,Snowy Dayss #change #hair #bangs #new #love http://t.co/7XCXmg0sa7
130,427660919142088704,Mon Jan 27 04:34:43 +0000 2014,0,0,"The one and only person I can really rely on, look up to, learn from and truly love.. Mommy - My best… http://t.co/8NjRfq7thP"
131,424670196016906240,Sat Jan 18 22:30:39 +0000 2014,0,0,You can only be 18 one time…so make this only one time birthday the absolute best day of your… http://t.co/r7rMLijEj3
132,420307620214636544,Mon Jan 06 21:35:20 +0000 2014,0,0,"New year, New beginnings ;) #2014 #monday #love #fun #university #stress http://t.co/1TBj9LrKiq"
133,418255207290904576,Wed Jan 01 05:39:46 +0000 2014,0,0,Happy New Year from all of us!! 🍻🎉🎉🎉🍻#newyear #2014 #winter #kisses #doggie http://t.co/oggq10nWs4
134,417482283420246016,Mon Dec 30 02:28:27 +0000 2013,49649,0,"RT @selenagomez: Just a Saturday night. Taylor's tea, Demi's laugh. Honestly, can't complain. http://t.co/uiKLayzV5o"
135,416616993731915776,Fri Dec 27 17:10:06 +0000 2013,1,0,Winter Wonderland :) #winter #cold #montreal #view http://t.co/4dFxmXgL9k
136,416233378015608832,Thu Dec 26 15:45:45 +0000 2013,1,0,Enjoying the warm fireplace in Montreal #montreal #winter #fireplace http://t.co/f4gQna4kwu
137,415199225686028289,Mon Dec 23 19:16:24 +0000 2013,0,0,Mmmmmmmm baking cakes is fun :))) can't wait to eat! #cake #yummy http://t.co/jfkvgiu6Km
138,415135931554086912,Mon Dec 23 15:04:53 +0000 2013,0,0,Christmas week.... Making the most of the busy schedule :) #christmas #winter #break #relax #love… http://t.co/4q5ROQGorG
139,410404233633357824,Tue Dec 10 13:42:48 +0000 2013,44959,0,RT @MileyCyrus: @selenagomez where you at 🎅🎅🎅
140,394227299757088768,Sat Oct 26 22:21:27 +0000 2013,0,0,Life's a climb. But the view is great. - Miley  #love #life #dream #imagine #miley #wecantstop… http://t.co/KFA02Ffm6a
141,389493559134810112,Sun Oct 13 20:51:15 +0000 2013,0,0,&lt;3 Thanksgiving Weekend 🍗🍺#braid #longweekend http://t.co/nMvkuXGdR6
142,384164916229603328,Sun Sep 29 03:57:08 +0000 2013,0,0,Such an awesome night!!! &lt;3 love these girls :)))))) #friends #night #weekend #bonding #girlsnight… http://t.co/YbibYYDUXo
143,379060655565078529,Sun Sep 15 01:54:37 +0000 2013,193,0,RT @pmdeleon: I woke up and I was like I need a coffee now... Made me miss @AshleyCinqMars &amp; @ChaeLynne &amp; @selenagomez a little.
144,379057836833406978,Sun Sep 15 01:43:25 +0000 2013,14696,0,RT @MileyCyrus: Just wanted to say I love you to all my fans. Not only because of this incredible week with #WreckingBall (THANK YOU) but j…
145,377918517368344576,Wed Sep 11 22:16:10 +0000 2013,0,0,Every accomplishment starts with the decision to try.
146,376128238206341120,Fri Sep 06 23:42:14 +0000 2013,31,0,RT @pmdeleon: Travel outside of the US... You see so much! ✈
147,374679134888550400,Mon Sep 02 23:44:01 +0000 2013,0,0,Blurrrrr.......... #mgmgrand #mgmgrandpool #lasvegas #life #lights #amazing #nightlife #hot #sun http://t.co/lHeCSLJdTJ
148,374340011535400960,Mon Sep 02 01:16:28 +0000 2013,0,0,Ready to go out tonight! Las Vegassssss partyyy :)) #lasvegas #concert #dining #fun #party #celinedion… http://t.co/mKXjEHmud0
149,373849409496576000,Sat Aug 31 16:46:59 +0000 2013,0,0,Wow the best view ever!! Vegasssss :) #lasvegas #vegas #casino #vacation http://t.co/fjPG4dgouG
150,373529914584342528,Fri Aug 30 19:37:26 +0000 2013,0,0,Vacation starts now!
151,372104853361004544,Mon Aug 26 21:14:45 +0000 2013,157,0,"RT @pmdeleon: Best night of my life, first touching Rihanna, then NSYNC now DRAKE. Please excuse me I'm going to enjoy this champagne now."
152,371796942533050370,Mon Aug 26 00:51:13 +0000 2013,0,0,I #voteselena for the 2013 MTV #VMA Best Song of the Summer! See who's in the lead and vote: http://t.co/8L1wBEYxEX #windowsphone #selena
153,371796792414724096,Mon Aug 26 00:50:37 +0000 2013,0,0,I #voteselena for the 2013 MTV #VMA Best Song of the Summer! See who's in the lead and vote: http://t.co/8L1wBEYxEX #windowsphone
154,371464609792020480,Sun Aug 25 02:50:39 +0000 2013,0,0,Baby Slow Down the songggggggg!!! :) I love youuuu @selenagomez #slowdown #selenator #selenagomez… http://t.co/IxLRQzMoht
155,371438819037704192,Sun Aug 25 01:08:10 +0000 2013,0,0,Omgggg!! Best day of my lifee Selena Gomezzzzzz @selenagomez #selenagomez #concert #love #bestday… http://t.co/kEbirpueve
156,371379761626746880,Sat Aug 24 21:13:29 +0000 2013,0,0,Selenaaaaaa tonightttt!!!!!!! :)) ahhhhhh
157,369204480337653760,Sun Aug 18 21:09:42 +0000 2013,0,0,Under the sun #sun #marineland #hot #summer #weekend #niagara #hat #blond #love #instagood #me http://t.co/mpL2lNhtbt
158,360069232324640768,Wed Jul 24 16:09:29 +0000 2013,0,0,&lt;3 &lt;3 #blond #eyes #sun #life #vacation #starsdance #music #starstruck #slowdown #comeandgetit http://t.co/qqGyj9KRdT
159,359943975647461376,Wed Jul 24 07:51:45 +0000 2013,0,0,Selena Gomez - Slow Down (Official): http://t.co/eexVAnIzYj via @youtube
160,359401201755881472,Mon Jul 22 19:54:58 +0000 2013,1646,0,RT @therealfrancia: My lil sis is finally 21!!! You know what that means..... Taco cake! #turnup http://t.co/zzLcwyrxkY
161,359389184282198018,Mon Jul 22 19:07:13 +0000 2013,1,0,"#HappyBirthdaySelenaWeLoveYou &lt;3 Lets get Come and Get It Vevo Certified
#CAGITo100Million http://t.co/uSO4Ym0i2V"
162,359387906948874240,Mon Jul 22 19:02:08 +0000 2013,54640,0,"RT @taylorswift13: Happy 21st birthday to my friend, and the closest thing I've ever had to a sister, @selenagomez!! http://t.co/GhOgkl3kZ1"
163,359295987795230721,Mon Jul 22 12:56:53 +0000 2013,0,0,Happppyyy Birthdaayy Selena! Your an incredibly talented triple threat!! Hope you have the best party… http://t.co/VgX6BFxzuu
164,357934997593788416,Thu Jul 18 18:48:48 +0000 2013,0,0,"Night swimmingggg at the resort sounds like fun!!         -Sunny Beach, Bulgaria #vacation #pool… http://t.co/1AF0NCsrkQ"
165,356825035043913728,Mon Jul 15 17:18:12 +0000 2013,0,0,Tweet using #StarsDance and unlock previews from @SelenaGomez's new album before it's released. http://t.co/BSbewODUOX
166,356512583039193088,Sun Jul 14 20:36:38 +0000 2013,0,0,"Provincial Novice Group of 2006 -Mimi, Leah, Floppy, Jennifer, Rachel, Niya @flobadino jennboctor… http://t.co/a6wCmtWDM3"
167,356508116726202368,Sun Jul 14 20:18:53 +0000 2013,0,0,"Remember our Interclub Child Group!!!! First Placeee muchka , Leah, Floppy, Jennifer #2005 #gymnastics… http://t.co/HXL5G1W33m"
168,356504382734479360,Sun Jul 14 20:04:03 +0000 2013,0,0,Looking through some old gymnastics footage. First year individual! #gymnastics #rg #2006 #coach #hoop… http://t.co/hMp1wzT4OM
169,353402721753251842,Sat Jul 06 06:39:09 +0000 2013,0,0,"Be an explorer. The universe is filled with wonder and magical things. 
-&gt; Flavia
#whatsnext… http://t.co/a0EUm4JAn9"
170,353211217625612289,Fri Jul 05 17:58:11 +0000 2013,0,0,My view for the rest of the month!! Wooo #vacation #trip #fun #bulgaria #flight #pool #beach #blacksea… http://t.co/YCVAK8s5ta
171,352243717974925312,Wed Jul 03 01:53:41 +0000 2013,0,0,Woohoo Bulgariaaaa tomorrow!! :P
172,351881029247709188,Tue Jul 02 01:52:29 +0000 2013,0,0,It's a fireworks kind of night. Happy Canada Day!!! #fireworks #park #lights #awesome #amazing http://t.co/gMiKOZbZTf
173,347526758733606914,Thu Jun 20 01:30:10 +0000 2013,0,0,"1 more day to go, then it's summer vacattion!! Finally, I've been waiting for this since forever #lastexam #summer #pool #hot #1day"
174,346426079721967618,Mon Jun 17 00:36:28 +0000 2013,0,0,Just the smell of summer can make me fall in love. Thank god for the pool :))) #summer #fun #hot #me… http://t.co/nmlaIsbMSR
175,345358739538325509,Fri Jun 14 01:55:14 +0000 2013,54676,0,RT @ddlovato: @selenagomez IS A BIG SISTER!!!!!! Everyone congratulate her and her family!!!!!! #CONGRATSSELENA!!!!
176,344652322737111041,Wed Jun 12 03:08:11 +0000 2013,0,0,The nights a blur @tanyadashredder http://t.co/8HI6VrfZmu
177,340983768041013249,Sun Jun 02 00:10:40 +0000 2013,0,0,Ottawa trip :P dinner time fun.... &lt;3 http://t.co/M8WqYOnahE
178,332616667186229249,Thu May 09 22:02:47 +0000 2013,0,0,the good old days :) &lt;3 time to coach my future champions! #tbt #rythmic #gymnastics #makeup #hair… http://t.co/uhmjscqiJA
179,330850542052077569,Sun May 05 01:04:50 +0000 2013,0,0,#smile #instarazzi #weekend #highlights #fun #mascara #beach #sunny #hot #summer http://t.co/iEam7SZPHT
180,324019699975344129,Tue Apr 16 04:41:31 +0000 2013,51544,0,RT @ddlovato: Umm.. obsessed with Come &amp; Get It - @selenagomez. So happy for you lady. 😊💕 #LiterallyOnRepeat!!!
181,323632146105372672,Mon Apr 15 03:01:31 +0000 2013,0,0,OMG I love this braid!! You killed it tonight girllll @MTV @selenagomez #ComeAndGetIt #mtvmovieawards… http://t.co/XIvqWdBRBo
182,322748389848666113,Fri Apr 12 16:29:47 +0000 2013,0,0,Aww my love! Baby Nero :) 7 week old now already 5 1/2  &lt;3 #doggie #grade6 #baby #memories #life… http://t.co/CVeWXMcVfs
183,322185890808082432,Thu Apr 11 03:14:36 +0000 2013,0,0,Silly faces :)))))) #dancenight #show #fun #dancemajors #sweat #hairspray #stress #happiness http://t.co/WIZLgCDOcd
184,320392735167225856,Sat Apr 06 04:29:15 +0000 2013,0,0,Dark hair don't care #hair #tgif #weekend #fun #letstartheparty #smile #lifeisweet http://t.co/m4ApEl0T63
185,319981458481618944,Fri Apr 05 01:14:59 +0000 2013,0,0,Summer 2010 Bulgariaaaa &lt;3 #tbt #throwbackthursday #summer #travel #darktan #shorts #tanktop #fun… http://t.co/NfHWSE1hrY
186,318229294843310080,Sun Mar 31 05:12:30 +0000 2013,1,0,RT @harringtonnnnn: Omegle
187,318218117719392257,Sun Mar 31 04:28:06 +0000 2013,1,1,My beauty!! :))@tanyadashredder @tanyadeshredder http://t.co/74y4KksuO8
188,318193775824494592,Sun Mar 31 02:51:22 +0000 2013,0,1,"""Spring Break, Spring Break..."" lol fun timess @tanyadashredder @katrinacirone #SpringBreakers #yolo"
189,317750011188367362,Fri Mar 29 21:28:00 +0000 2013,0,0,Renovation Day 1 #renovation #reno #openconcept #new http://t.co/wzca44kYIp
190,317472269687472128,Fri Mar 29 03:04:22 +0000 2013,0,0,Doing some writing on the wall.....because we're cool like that😝kitchen renovation is underway!… http://t.co/CQ2ZPoJGEU
191,315665020820262913,Sun Mar 24 03:23:00 +0000 2013,0,0,Ния Василева http://t.co/TZQfLDilrM
192,314195219035865090,Wed Mar 20 02:02:32 +0000 2013,0,0,This is the way it's done ! #slacker @irenapencheva http://t.co/qy8HOaDdLr
193,314194264026406912,Wed Mar 20 01:58:44 +0000 2013,0,0,Ahhh.... Still at work http://t.co/HKfWi1bkXS
194,312237369367592961,Thu Mar 14 16:22:44 +0000 2013,0,0,A dogs life. Nerrrrkoo &lt;3 #doggie http://t.co/ExnX0qmT8F
195,307536280013651968,Fri Mar 01 17:02:17 +0000 2013,2,0,RT @Z1035Toronto: It's #FriYAY ... Let's get this party started!  @TheRealDJDannyD @Miss_Pina  #WaybackLunch
196,306799553779224576,Wed Feb 27 16:14:48 +0000 2013,27601,0,RT @selenagomez: Whose ready for an album?  All the songs have been decided coming to you soon.
