,id_str,created_at,retweet_count,favorite_count,text
0,669022666867785728,Tue Nov 24 05:20:08 +0000 2015,0,0,7 Eco-Friendly #Thanksgiving Tips https://t.co/u64L45ZZcA via @_AGLH
1,668507910171975686,Sun Nov 22 19:14:40 +0000 2015,1,1,Jurassic Park GMO Salmon Approved by FDA for Consumption https://t.co/cmRAT8BrwC via @_AGLH
2,668164694050410497,Sat Nov 21 20:30:51 +0000 2015,4,0,"RT @Veganxta: 14,5% of greenhouse gas emission which is more than global transportations. Cut off meat ! https://t.co/N8VWe2zSLP"
3,667825038234521600,Fri Nov 20 22:01:11 +0000 2015,0,1,We need to act on climate change now. https://t.co/5FzPXEex2A
4,667801583602790400,Fri Nov 20 20:27:59 +0000 2015,1,0,"Need help crafting #content on your green social media pages or website. 20% off thru 2015. 
https://t.co/ZAOVLx6zW8 https://t.co/nwU20Q3QoI"
5,667765852473683969,Fri Nov 20 18:06:00 +0000 2015,1,1,"On November 19, 2015, the FDA published their approval for GMO salmon. #GMO #salmon https://t.co/cmRAT8jQ82 https://t.co/FrlFlrylWx"
6,667412453886664704,Thu Nov 19 18:41:43 +0000 2015,4,0,RT @FoodPRAgency: Revealed … the fruit and veg you should ALWAYS buy organic https://t.co/LAopsYmWew https://t.co/cu6EjN0tIp
7,667402790654775297,Thu Nov 19 18:03:19 +0000 2015,4,0,"RT @CleanAirMoms_TN: ""Climate change is happening now, and our children need protection today"" @CleanAirMoms #ActOnClimate #cleanair4kids h…"
8,667393616470368256,Thu Nov 19 17:26:52 +0000 2015,3,2,7 eco-friendly #Thanksgiving tips to have a more environmentally friendly and #sustainable… https://t.co/u64L45InO0 https://t.co/AbBdB5TENk
9,667157372284989440,Thu Nov 19 01:48:07 +0000 2015,4,0,RT @rustygreen59: 50 Ways You Can Help Save the Earth https://t.co/pDGeqOOFJJ via @ecowatch
10,666990074303762433,Wed Nov 18 14:43:20 +0000 2015,2,0,Try This Simple #Eco-Friendly #Homemade Furniture Polish. It's Great For Making Wood Shine! https://t.co/4ijWWBxTtc https://t.co/RxTlGUmvg3
11,666857040237629440,Wed Nov 18 05:54:42 +0000 2015,3,0,RT @envirojourney: Study: Climate Change Could Shrink Global Economy 23 Percent https://t.co/2D5gzWdl3t
12,666854961939144704,Wed Nov 18 05:46:27 +0000 2015,6,0,RT @envirojourney: #Monsanto #Pesticides https://t.co/yKiCmyfRN5
13,666824679802413056,Wed Nov 18 03:46:07 +0000 2015,4,0,RT @ShStrumann: Here's how much the world's #forests could vanish by #2050 — via @vicenews https://t.co/weRfjMLRXu via @bi_contributors
14,666653439984816129,Tue Nov 17 16:25:40 +0000 2015,2,4,"Great #Homemade Laundry #Detergent That Is Eco-Friendly. Save Money Too.
https://t.co/sOIytjRRoa via @_AGLH"
15,666647540788543488,Tue Nov 17 16:02:14 +0000 2015,159,0,RT @NextGenClimate: Why we should get behind #economy boosting #cleanenergy investments. https://t.co/CTz3Dtu7tx #50by30 https://t.co/8zUzY…
16,666457097358323712,Tue Nov 17 03:25:28 +0000 2015,7,0,RT @Closed404: Check out a cool graphic with sliding bar taking flooding levels from 2 deg.C to 4 deg.C climate warming! https://t.co/3SbX8…
17,666455808557760513,Tue Nov 17 03:20:21 +0000 2015,15,0,RT @DrAmeliaClarke: Sustainability Alignment Manual: market-based instruments to accelerate urban sustainability https://t.co/g2OIcLB8dk ht…
18,666358259666718720,Mon Nov 16 20:52:44 +0000 2015,4,6,Roughly 1 acre of tropical forest is lost every second. #deforestation. https://t.co/y0ihW0VH9L https://t.co/hiCjDlDpKp
19,666259299665117184,Mon Nov 16 14:19:30 +0000 2015,9,0,RT @EcoAngels: #Deforestation destroys our ecosystems! Stop #PalmOil expansion  #FutureGreen #TreeDrive RT@AussieARA @jokowi  https://t.co/…
20,666144560867880960,Mon Nov 16 06:43:34 +0000 2015,7,0,RT @TimMelino: Melting Of Major Greenland #glacier Could Have Catastrophic Consequences -techtimes https://t.co/DQFN3FVCPa
21,666042520024031232,Sun Nov 15 23:58:05 +0000 2015,286,0,"RT @AFP: #UPDATE UN climate conference to go ahead near Paris despite attacks, with increased security #COP21 #ParisAttacks https://t.co/DV…"
22,665941172875980800,Sun Nov 15 17:15:22 +0000 2015,1,0,"RT @Nickgraytcd: @NASA project reveals how two large melting @glaciers could #sealevelrise by 99 cm
https://t.co/O0U7GQRCX9 @IrinaGreenVoic…"
23,665919209138851841,Sun Nov 15 15:48:06 +0000 2015,1,4,America Recycles Day: America Recycles Day takes place annually on November 15th.… https://t.co/xKUTDRlVU1 https://t.co/4hSqwJjI9B
24,665892600751239170,Sun Nov 15 14:02:22 +0000 2015,1,0,"452 new followers in the last week and it is more than just stats, I use it for growing my account! Try it https://t.co/P5txblkz3y"
25,665259307630374912,Fri Nov 13 20:05:53 +0000 2015,4,7,"Reduce, reuse, recycle promotes repurposing of materials once they no longer serve a… https://t.co/80VOTUpbxK https://t.co/ryHhBfrLYH"
26,664975588940054528,Fri Nov 13 01:18:29 +0000 2015,48,0,RT @ClimateReality: Climate change is making wildfires bigger and badder. It’s time to #ActOnClimate https://t.co/D3wSCqrmOW #ClimateCO htt…
27,664835588575485952,Thu Nov 12 16:02:11 +0000 2015,0,4,Here is a great and easy #homemade laundry detergent. #GoGreen https://t.co/sOIytjAfZA https://t.co/F18hkD0XoE
28,664623412439064576,Thu Nov 12 01:59:04 +0000 2015,5,0,RT @EI_Climate: The global biosphere which makes Earth habitable is collapsing and dying as natural ecosystems and climate overrun https://…
29,664622912738054144,Thu Nov 12 01:57:05 +0000 2015,9,0,"RT @EcoInternet: Not too late avert biosphere collapse if end fossil fuels, protect natural ecosystems, fewer births, share #cop21 https://…"
30,664610408884514817,Thu Nov 12 01:07:23 +0000 2015,23,0,RT @CenterForBioDiv: Urge @Target to end single-use #plastic bags to protect #seaturtles: https://t.co/hXfwhDnhjX #BagItTarget https://t.co…
31,664429876120821760,Wed Nov 11 13:10:01 +0000 2015,229,0,"RT @Greenpeace: If we hit 2 degrees of warming #climatechange is catastrophic. This year we hit 1 degree.
https://t.co/kdnLmso9pX https://t…"
32,664429500403421184,Wed Nov 11 13:08:32 +0000 2015,2,0,RT @SkyPowerGlobal: Study shows investing in #renewables would add one million jobs by 2030. #greenjobs #cop21 #earthtoparis https://t.co/n…
33,664232837126725633,Wed Nov 11 00:07:03 +0000 2015,2,1,Best Eco-Friendly Foods - Eat Healthy &amp; Go Green! https://t.co/cdmIIigeiu via @_AGLH
34,664232187986911232,Wed Nov 11 00:04:29 +0000 2015,3,0,RT @CrowdEnergyOrg: 4 Ways to Stop the 'Biggest Environmental Crime of the 21st Century' https://t.co/GQWdRMZigx
35,664229745324879872,Tue Nov 10 23:54:46 +0000 2015,3,0,RT @GreenIsTweet: Report shows the disproportionate effects of #climatechange on the global poor - https://t.co/1YOTv3RiCW #cop21 #paris #s…
36,664220206433222656,Tue Nov 10 23:16:52 +0000 2015,12,0,"RT @NRDC: Climate change impacts armies as much as polar bears, says Secretary of State @JohnKerry: https://t.co/xdVNnRSvN1 via @washington…"
37,664219778530299904,Tue Nov 10 23:15:10 +0000 2015,18,0,RT @FredChristian10: #ExpandMedicaidNow #FightFor15 @bannerite @littleredblog @MzDivah67 https://t.co/fTymSYwyBh
38,664173828554100737,Tue Nov 10 20:12:35 +0000 2015,0,1,Save money by #GreenCleaning and making your own dishwasher detergent that works as well as store brands? #GoGreen https://t.co/V96nkaEgLm
39,664097534286143488,Tue Nov 10 15:09:25 +0000 2015,0,0,Great tweet from @RenewableRachel #solar  https://t.co/lB3gTVJima
40,664096508975910912,Tue Nov 10 15:05:20 +0000 2015,0,1,"Best #Eco-Friendly #Foods - Eat Healthy &amp; Go Green! Check out this list of the best eco-friendly foods.
https://t.co/u5KkaGBPxq via @_AGLH"
41,664092392635637760,Tue Nov 10 14:48:59 +0000 2015,8,0,RT @ClimateStore: Study predicts abrupt changes for #ocean life by 2030 due to acidification &amp; #climatechange. https://t.co/ei4v7X3U3F http…
42,664092363904696320,Tue Nov 10 14:48:52 +0000 2015,16,0,"RT @COP21_News: Coca Cola, Heinz And Other Major Food Companies Warn Climate Change Threatens Business #FoodSecurity #ClimateChange https:/…"
43,664070925013266432,Tue Nov 10 13:23:41 +0000 2015,36,0,RT @UNDP: .@WorldBank study links #ClimateChange &amp; #poverty. Time is now 4 #ClimateAction v @Mashable: https://t.co/1RlYMaApLx https://t.co…
44,663920795291226114,Tue Nov 10 03:27:07 +0000 2015,0,0,"@_AGLH
 #ThanksDad 
Happy Veterans Day... Gone but not forgotten."
45,663864067530952704,Mon Nov 09 23:41:42 +0000 2015,70,0,"RT @ClimateReality: Media outlets are calling China's record air pollution an ""Airpocalypse"" https://t.co/hVdjl6iV3c  #ActOnClimate https:/…"
46,663735640626827264,Mon Nov 09 15:11:22 +0000 2015,1,1,Happy Veteran's Day! This week we honor Veterans who have served to protect us. Share your… https://t.co/NwLXylIC5F https://t.co/8BnYhGYJtu
47,663595027608702976,Mon Nov 09 05:52:38 +0000 2015,1,0,RT @TheOrganicView: Vegan For Her: What Women Should Know About Plant Based Diets https://t.co/WibV2ZZ0rv via @TheOrganicView Radio Show #f…
48,663478756670074881,Sun Nov 08 22:10:37 +0000 2015,92,0,RT @purpleleaf_: Did you know? Bamboo minimizes CO2 gases and generates up to 35% more oxygen than an equivalent stand of trees.
49,663439552049250304,Sun Nov 08 19:34:49 +0000 2015,0,2,Best Eco-Friendly Foods - #EatHealthy &amp; #GoGreen! https://t.co/cdmIIigeiu via @_AGLH
50,663390099397148672,Sun Nov 08 16:18:19 +0000 2015,1073,0,RT @BillGates: 16 interesting examples of what people are doing to reduce their carbon emissions: https://t.co/5GLBtC5hJ8 via @qz
51,663355890796482560,Sun Nov 08 14:02:23 +0000 2015,0,0,15 amazing followers in the last week and there will be more tomorrow. Growing with https://t.co/P5txblkz3y
52,662684087874809856,Fri Nov 06 17:32:53 +0000 2015,0,1,Food production places a natural strain on the environment. These are some of the more… https://t.co/cdmIIhYCTU https://t.co/wsEq5KoVhD
53,662374686731317249,Thu Nov 05 21:03:26 +0000 2015,0,0,Coconut milk is another popular alternative to cow's milk; soy milk and almond milk. So how… https://t.co/6WbrfURdhH https://t.co/IESBA29Y3W
54,662286925622083584,Thu Nov 05 15:14:42 +0000 2015,0,1,"What You Need To Know About Microbeads https://t.co/f7N0JzfGbx via @_AGLH
Thanks @BeatTheBead for sharing this article on FB."
55,662048331036622848,Wed Nov 04 23:26:37 +0000 2015,7,0,"RT @onlyorganic: Did you know that toxins circulate longer in babies’ bodies, boosting exposure to 4X that of adults? https://t.co/rwvpxga5…"
56,661939898400698368,Wed Nov 04 16:15:44 +0000 2015,0,1,I Never Knew These Foods Were Non-Vegetarian. Please Share With Any #Vegetarians You Know. https://t.co/dNYyu3leRm https://t.co/igEB3tTOGa
57,661685024572514304,Tue Nov 03 23:22:58 +0000 2015,2,0,RT @Mary_Debrett: Antarctic ice shelf collapse could trigger 'unstoppable' sea level rise  https://t.co/8t3r02S8yN via @ABCNews #Climatecha…
58,661569966324346880,Tue Nov 03 15:45:46 +0000 2015,0,0,Almond Milk and How it Compares With Other Milks. Please Share or Like this Article if You… https://t.co/qNLYk5hcud https://t.co/HpMvkNRKYQ
59,661421015797379072,Tue Nov 03 05:53:53 +0000 2015,78,0,RT @ClimateCentral: This could be the last year we see CO2 below 400 ppm for quite awhile: https://t.co/X0P7EsfkSF https://t.co/btKWjGezjS
60,661410178860982272,Tue Nov 03 05:10:49 +0000 2015,1,0,Please #retweet if you love roasted pumpkin seeds this time of year! A Wonderful and Healthy Choice. https://t.co/v4Krws7COJ via @_AGLH
61,661201728000258049,Mon Nov 02 15:22:31 +0000 2015,0,0,November is World Vegan Month – Eat Healthy &amp; Go Green! https://t.co/XdyMdLr5ty https://t.co/r1lW28S2MQ
62,661000627376492544,Mon Nov 02 02:03:25 +0000 2015,4,0,"RT @BLUEdotRegister: Turning your thermostat down by 3 degrees will eliminate 4,330 cubic feet of #greenhousegas! https://t.co/eElw6QQ1AV"
63,660993220046753792,Mon Nov 02 01:33:58 +0000 2015,2,0,RT @dianacheck4: Taurus Knight : @taurusknight:  Rescuers untangle humpback whale stranded in hundreds of feet of fishing line ... https://…
64,660992544642220032,Mon Nov 02 01:31:17 +0000 2015,191,0,RT @greenpeaceusa: RT if you &lt;3 a plant-based diet! #WorldVeganDay https://t.co/UFNFTiezY0
65,660992337225510912,Mon Nov 02 01:30:28 +0000 2015,6,0,RT @BLUEdotRegister: Lawn #mower use produces 11 times emissions of driving a car https://t.co/AUnuV3YgNF #BLUEdot #Sustainability https://…
66,660992308016340993,Mon Nov 02 01:30:21 +0000 2015,325,0,RT @Greenpeace: #Indigenous Lands in the Brazilian #Amazon are on fire—because of illegal logging. https://t.co/1KjlU7EAMw https://t.co/3yv…
67,660819163036975104,Sun Nov 01 14:02:20 +0000 2015,0,0,13 tweeps followed me in the past week. Feels great! Do you also want to feel awesome? Check out https://t.co/P5txblkz3y
68,660817250446741504,Sun Nov 01 13:54:44 +0000 2015,11,0,"RT @tom_talks1: It's not up to someone, it's up to everyone. #ClimateHour #BeSustainable #RETWEET https://t.co/hbWYQrQy7d"
69,660546103482298368,Sat Oct 31 19:57:18 +0000 2015,0,0,Pumpkin Seeds are a Wonderful and Healthy Choice. https://t.co/2KdwKH8zTC https://t.co/EckvB4FFrB
70,660485450574905345,Sat Oct 31 15:56:17 +0000 2015,0,0,The Eco-Friendly Diet - Go #Vegetarian to Go Green! https://t.co/12Xgzme5SC via @_AGLH #GoGreen
71,660455868400578560,Sat Oct 31 13:58:44 +0000 2015,28,0,RT @EnviroNewsTV: Video: Watch What 1 Tiny Plastic Straw Can Do To An Endangered Sea Turtle https://t.co/Lha0Egbl9J via @EnviroNewsTV https…
72,660298517013991424,Sat Oct 31 03:33:28 +0000 2015,7,0,RT @NonDairyKerry: #NETFLIX #COWSPIRACY! #FeedTheWorld #DidYouKnow #PartsUnknown #CNN #Kids #greenpeace #Sierraclub #Nature #farm365 https:…
73,660151670169452544,Fri Oct 30 17:49:57 +0000 2015,0,0,How to Tell if Your Food is GMO-Free. https://t.co/yuruO4Oyvg https://t.co/13R8EYdYq3
74,659942055796338688,Fri Oct 30 03:57:01 +0000 2015,27,0,"RT @onlyorganic: Learn more about avoiding GMOs, by choosing certified #organic: https://t.co/UaOIfqJT0U #GMOs #GMO #groceries https://t.co…"
75,659942024821411840,Fri Oct 30 03:56:54 +0000 2015,208,0,RT @Greenpeace: Before and after. How #climatechange is destroying the Earth https://t.co/Q5TPsPD8pR https://t.co/kPpWk1c3ul
76,659822889928032256,Thu Oct 29 20:03:30 +0000 2015,0,0,"10 Easy #Halloween Tips. https://t.co/y7laaRA7G1 via @_AGLH
#GoGreen"
77,659799717610700800,Thu Oct 29 18:31:25 +0000 2015,1,0,RT @MindfulMomma: Hey healthy eaters! Here are some new #organic snacks you may not have tried yet! Cause sometimes yo https://t.co/9bRRXhZ…
78,659757790785724416,Thu Oct 29 15:44:49 +0000 2015,0,0,Is Soy Milk a Good Alternative to Dairy? https://t.co/6xetSVi63O https://t.co/yxueQSexDS
79,659373184307757056,Wed Oct 28 14:16:32 +0000 2015,0,0,Basics of Essential Oil. https://t.co/IWOzMcZ3j4 https://t.co/WplYZ3HJDI
80,659161189524635648,Wed Oct 28 00:14:08 +0000 2015,17,0,RT @savingoceans: A review of over 600 studies paints a dismal picture for #marinelife https://t.co/p1oZMYV80u via @ScienceAlert https://t.…
81,659129938407223297,Tue Oct 27 22:09:58 +0000 2015,0,0,"1000 water bottles consumed every second in the US. This is not #sustainable. 
https://t.co/tUcXSmkgFu https://t.co/cb82XamQN9"
82,659050813025681408,Tue Oct 27 16:55:33 +0000 2015,0,0,Artificial Flavors versus Natural Flavors. https://t.co/OLuKyKpjPG https://t.co/MAkmLC0pa5
83,658850735845720065,Tue Oct 27 03:40:30 +0000 2015,95,0,RT @Greenpeace: See what 7 these  #photographers documenting #climatechange have to say https://t.co/CzHsTHluGF https://t.co/XCmh2Rezx7
84,658708769627475968,Mon Oct 26 18:16:23 +0000 2015,0,0,"10 Great Eco-Friendly #Halloween Tips. Or use them for your next #TheWalkingDead party! Long Live #GlennRhee!
https://t.co/y7laaRA7G1"
85,658676057105559552,Mon Oct 26 16:06:24 +0000 2015,0,0,10 Eco-Friendly Halloween Tips. https://t.co/Xg0asUn2gB https://t.co/2SoSuEEN20
86,658450010032480256,Mon Oct 26 01:08:10 +0000 2015,7,0,"RT @BLUEdotRegister: For the average commuter, #carpooling just once a week would reduce their #carbonfootprint by 1,882 pounds https://t.c…"
87,658446889868660736,Mon Oct 26 00:55:46 +0000 2015,5,0,RT @BLUEdotRegister: Every year the US is responsible for a volume of #greenhousegas equal to 10 Mt Shastas https://t.co/gJqZfDHNcY #Climat…
88,658417771152351232,Sun Oct 25 23:00:04 +0000 2015,0,0,"Your Beauty Bar Compared To #Natural Soap. https://t.co/0MKwdIUpG8 via @_AGLH
#GoGreen"
89,658282424229609472,Sun Oct 25 14:02:14 +0000 2015,0,0,I gained 19 followers in the last week. You? Know your stats and grow with https://t.co/P5txblkz3y
90,658137633407668224,Sun Oct 25 04:26:54 +0000 2015,7,0,RT @onlyorganic: #FACT #Organic farmers use Crop rotation to replenish nutrients in the soil. https://t.co/oKbcoszyQH RT #onlyorganic
91,658113204728569856,Sun Oct 25 02:49:49 +0000 2015,37,0,RT @FightAgainstGMO: It's Official: 19 European Countries Say 'No' to GMOs http://t.co/rpn5peG6ga #GMO http://t.co/70T6tYUm9D
92,658111557298167808,Sun Oct 25 02:43:17 +0000 2015,14,0,RT @ClimateNexus: These bipartisan #security experts say #climate change is a national security threat https://t.co/kzdp5TpsXl https://t.co…
93,658050750979952640,Sat Oct 24 22:41:39 +0000 2015,0,0,"Raising an Eco-Friendly Baby Can Be Easy. #greenfamily
https://t.co/bHSSVzQVNG via @_AGLH"
94,658050297156214784,Sat Oct 24 22:39:51 +0000 2015,1,1,"Make Your Own #Eco-Friendly #Homemade Lip Balm. #GoGreen
https://t.co/Lc9WTSUsBc via @_AGLH"
95,657721335947370496,Sat Oct 24 00:52:41 +0000 2015,0,0,#GoGreen when #pregnant to keep your baby healthy while being #eco-friendly. https://t.co/G0KM5pkKgd https://t.co/kFOvhVV1Er
96,657592221886189568,Fri Oct 23 16:19:37 +0000 2015,0,0,"Use an #eco-friendly lip balm. Avoid all the nasty chemicals found in most store brands.
https://t.co/dtVkiEjE94 https://t.co/JurfGRmL9H"
97,657591185238691840,Fri Oct 23 16:15:30 +0000 2015,0,0,Flaxseed is Healthy and Eco-Friendly. https://t.co/tFJkVdx1rv https://t.co/s5fVVKyN61
98,657537755866599424,Fri Oct 23 12:43:12 +0000 2015,0,0,"Say no to #Microbeads when you purchase personal care products.  #GoGreen
https://t.co/cLrV08N6E5 https://t.co/g1T4nuWQkx"
99,657227229181534208,Thu Oct 22 16:09:16 +0000 2015,0,0,Make Your Own Eco-Friendly Homemade Lip Balm. https://t.co/Lc9WTTc3sK https://t.co/88P7PBhnv2
100,657026165614383104,Thu Oct 22 02:50:19 +0000 2015,0,0,Chemicals Found in Popular Lip Balm. https://t.co/WgGU6uaVlc via @_AGLH #allnaturallipbalm #gogreen
101,656965641220550656,Wed Oct 21 22:49:49 +0000 2015,7,0,RT @ClimateChangRR: Donald Trump is wrong about climate change -- again https://t.co/cjNv0kKfJU https://t.co/OURkhrtrlm
102,656947529007964160,Wed Oct 21 21:37:51 +0000 2015,0,0,Disposable #Diapers Versus Cloth Diapers. https://t.co/ZZyT0xkqIy via @_AGLH
103,656947441950961664,Wed Oct 21 21:37:30 +0000 2015,0,0,"Raising an Eco-Friendly #Baby Can Be Easy and Fun. https://t.co/bHSSVzQVNG via @_AGLH
#greenfamily"
104,656947274510155776,Wed Oct 21 21:36:50 +0000 2015,0,0,Going Green for a Green #Pregnancy is a Good Idea. #GoGreen https://t.co/y1HRcJ2jSI via @_AGLH
105,656947083333775360,Wed Oct 21 21:36:04 +0000 2015,0,0,How Eco-Friendly Are Your Personal Care Products? https://t.co/XsJvyhLP8y via @_AGLH
106,656908821105766400,Wed Oct 21 19:04:02 +0000 2015,0,0,Chemicals Found in Popular Lip Balm. https://t.co/WgGU6uaVlc https://t.co/yRpmDqGOc6
107,656521580458041344,Tue Oct 20 17:25:17 +0000 2015,0,0,How Eco-Friendly Are Your Personal Care Products? https://t.co/XsJvyhudJY https://t.co/3liZD3HFTL
108,656506834312962048,Tue Oct 20 16:26:41 +0000 2015,0,0,"#Sustainability Explained https://t.co/PSiFkv1sYS via @_AGLH
#GoGreen"
109,656467018644897792,Tue Oct 20 13:48:28 +0000 2015,26,0,RT @NRDC: Tell Bayer to stop its chemical assault on America's bees! https://t.co/tZiuwLXBBb #SaveBees https://t.co/hJa6R2ziOT
110,656317126370861056,Tue Oct 20 03:52:51 +0000 2015,2,0,"RT @envirojourney: After Reading This, You’ll Never Look at a Banana in the Same Way Again -  https://t.co/n6lHscghsq"
111,656292552191143937,Tue Oct 20 02:15:12 +0000 2015,0,0,What Does #Organic Food Really Mean? https://t.co/GOfrdSfokg via @_AGLH
112,656292471740211201,Tue Oct 20 02:14:53 +0000 2015,0,0,What is a #Vegan Lifestyle? https://t.co/GsZLFSCm8Z via @_AGLH
113,656292365737570304,Tue Oct 20 02:14:27 +0000 2015,0,2,"The #Paleo Diet – The New ""Old"" Diet Trend. https://t.co/zNWQ0mCiH0 via @_AGLH"
114,656292204747603968,Tue Oct 20 02:13:49 +0000 2015,0,0,The Eco-Friendly Diet - Go #Vegetarian to Go Green! https://t.co/12XgzmvHhc via @_AGLH
115,656292084710821888,Tue Oct 20 02:13:20 +0000 2015,0,0,Be Eco-Friendly With Your Own Organic Garden. https://t.co/3iQkEMJZph via @_AGLH
116,656186210394599424,Mon Oct 19 19:12:38 +0000 2015,0,0,Be Eco-Friendly With Your Own Organic Garden. https://t.co/3iQkEMso0H https://t.co/jYUEvGK6aw
117,655956750185533441,Mon Oct 19 04:00:50 +0000 2015,0,0,"How Toxic Are Your Household Cleaners #toxiccleaners
http://t.co/7vMpiSdyda via @_AGLH"
118,655956534690615296,Mon Oct 19 03:59:59 +0000 2015,0,0,"Home Electronics Energy Saving Tips #greenelectronics
http://t.co/EYJX5opvNH via @_AGLH"
119,655955850314428416,Mon Oct 19 03:57:16 +0000 2015,0,0,"Difference Between Traditional and Green #Detergents. #gogreen
http://t.co/EhQhKGJCHg via @_AGLH"
120,655955538413359104,Mon Oct 19 03:56:02 +0000 2015,0,0,How to Teach Children to #GoGreen. http://t.co/CTmEz636US via @_AGLH
121,655749887443783680,Sun Oct 18 14:18:51 +0000 2015,0,0,There are so many energy efficient options for lighting your home. #LED #GoGreen http://t.co/00LPfbwVzj via @_AGLH
122,655747471998590976,Sun Oct 18 14:09:15 +0000 2015,0,0,"Teach Children to Be Green. #GreenKids #GoGreen
http://t.co/CTmEz6kIjs via @_AGLH"
123,655744044212056065,Sun Oct 18 13:55:37 +0000 2015,62,0,RT @NRDC: Nestle is still bottling water from drought-parched California. via @MotherJones  http://t.co/zw7w6vHLT5 #CAdrought
124,655741831636983808,Sun Oct 18 13:46:50 +0000 2015,0,0,Your Beauty Bar Compared To A Natural Soap. http://t.co/0MKwdIUpG8 via @_AGLH #naturalsoap #GoGreen
125,655741087743680512,Sun Oct 18 13:43:53 +0000 2015,0,0,Going Green for a Green #Pregnancy is a Good Idea. #GoGreen http://t.co/y1HRcJ2jSI via @_AGLH
126,655740345188265984,Sun Oct 18 13:40:56 +0000 2015,0,0,Raising an #Eco-Friendly Baby Can Be Easy and Fun. http://t.co/bHSSVzQVNG via @_AGLH #GoGreen
127,655740144520175617,Sun Oct 18 13:40:08 +0000 2015,0,0,#Disposable #Diapers Versus Cloth Diapers. http://t.co/ZZyT0xkqIy via @_AGLH
128,655169099601981440,Fri Oct 16 23:51:00 +0000 2015,128,0,RT @Greenpeace: It took billions of yrs to make this spoon. Now it’s trash. Let’s redefine “convenient” http://t.co/u8791MqK22 http://t.co/…
129,655156342261465088,Fri Oct 16 23:00:18 +0000 2015,90,0,RT @Greenpeace: Today is #WorldFoodDay! Here are 5 things you can do to change the broken food system. http://t.co/eNAOhebcJD http://t.co/Q…
130,655140871701155840,Fri Oct 16 21:58:50 +0000 2015,0,0,"Scented Candle Toxins - What You Need To Know. http://t.co/DZMdSjuqzq via @_AGLH #CleanAir, #GoGreen"
131,655140686816120832,Fri Oct 16 21:58:06 +0000 2015,0,0,"#Artificial Colors in Food. http://t.co/bg6FNGKAb9 via @_AGLH #healthyeating, # GoGreen"
132,655137452764475392,Fri Oct 16 21:45:15 +0000 2015,0,0,The Eco-Friendly Diet – Go Vegetarian to Go Green! http://t.co/12Xgzme5SC http://t.co/Qnuz4YOetb
133,654729268652408835,Thu Oct 15 18:43:16 +0000 2015,0,0,Raising an Eco-Friendly Baby Can Be Easy and Fun. http://t.co/bHSSVzzkp6 via @_AGLH
134,654728756070735873,Thu Oct 15 18:41:14 +0000 2015,0,0,"Going Green for a Green #Pregnancy is a Good Idea. #gogreen #greenpregnancy
http://t.co/y1HRcIKIu8 via @_AGLH"
135,654674423002218497,Thu Oct 15 15:05:20 +0000 2015,0,0,Disposable Diapers Versus Cloth Diapers. http://t.co/ZZyT0x2PjY http://t.co/IYn2UXTml7
136,654665048489459714,Thu Oct 15 14:28:05 +0000 2015,1,0,RT @envirojourney: Tell Congress to Stop Doing #Monsanto's Dirtywork: Americans Need to Know if It's GMO http://t.co/GOqnHg1eNY
137,654665006005391361,Thu Oct 15 14:27:55 +0000 2015,95,0,RT @Greenpeace: France says #climatechange increases the risk of international conflicts http://t.co/AfrBfMde0Q http://t.co/D77YOIZD23
138,654518517669040129,Thu Oct 15 04:45:49 +0000 2015,4,0,RT @BLUEdotRegister: 81 percent of US #electronics go from our shelves and pockets directly to #landfills.  http://t.co/2ZYTmnJDvU #sustain…
139,654489761734856704,Thu Oct 15 02:51:33 +0000 2015,10,0,"RT @SJEnvironment: Permeable pavers reduce sediment, pollutants carried by rain in these #sanjose green alleys! #CleanWaterWednesday http:/…"
140,654464070494617600,Thu Oct 15 01:09:28 +0000 2015,1,0,Best Air Cleaning Plants. http://t.co/wfDVGOwoZr via @_AGLH #cleanair #gogreen
141,654463450131861505,Thu Oct 15 01:07:00 +0000 2015,17,0,RT @climateprogress: Bernie Sanders isn't alone in calling climate change a national security threat  http://t.co/KIOX5x4Jzf
142,654462238653317120,Thu Oct 15 01:02:11 +0000 2015,3,0,RT @CLIME_IT: Bringing #Republicans to the #ClimateChange Table http://t.co/CntzTVPKnn #ActOnClimate #WeMeanIt http://t.co/HlMGWD2NNM
143,654461101325873152,Thu Oct 15 00:57:40 +0000 2015,26,0,RT @touch_the_wood: Pay your metro ticket in Beijing by recycling the used bottles http://t.co/eznuNqLSOy http://t.co/wfk1uWJJqB
144,654458016977170432,Thu Oct 15 00:45:25 +0000 2015,5,0,"RT @recycledh20: If #Americans knew how many different chemicals were used to make drinking #water, they would be in awe. #cleanwaterwednes…"
145,654455598474395648,Thu Oct 15 00:35:48 +0000 2015,0,1,@envirojourney @AlteringMinds - Thanks for the support! #GoGreen
146,654454737660694528,Thu Oct 15 00:32:23 +0000 2015,0,0,Your Beauty Bar Compared To A Natural Soap. http://t.co/0MKwdIUpG8 via @_AGLH #greensoap
147,654453515738181632,Thu Oct 15 00:27:31 +0000 2015,1,2,Recycling Your Electronic Waste (e-Waste) http://t.co/97GTFuKcuK via @_AGLH
148,654357668161699840,Wed Oct 14 18:06:40 +0000 2015,0,0,Raising an Eco-Friendly Baby Can Be Easy and Fun. http://t.co/bHSSVzzkp6 http://t.co/9Xq1PtJvVX
149,654029644518178817,Tue Oct 13 20:23:13 +0000 2015,0,0,"Is Going Green During Your #Pregnancy Right For You? Check Out Our Easy Tips!

http://t.co/y1HRcIKIu8 http://t.co/OOs1ok6Ggr"
150,653630172659191809,Mon Oct 12 17:55:51 +0000 2015,0,1,The Paleo Diet – The New “Old” Diet Trend. http://t.co/zNWQ0mTTyy
151,653302747853385728,Sun Oct 11 20:14:47 +0000 2015,176,0,"RT @ClimateReality: Oil is old news, renewables are right now. Retweet if you’re looking forward to a clean energy future. http://t.co/MG9b…"
152,652511916670062593,Fri Oct 09 15:52:18 +0000 2015,0,0,Artificial Colors in Food. http://t.co/bg6FNGKAb9 http://t.co/GMOSCGLOH8
153,652214675225092096,Thu Oct 08 20:11:10 +0000 2015,0,0,"@Greenpeace 1,000 bottles of water consumed in the US per second! Simply #unsustainable.
http://t.co/QuVSDa3qqB"
154,652213329180667904,Thu Oct 08 20:05:49 +0000 2015,0,0,#Teachkidstobegreen - the next generation is going to have their hands full! #childrenarethefuture
155,652213076331249664,Thu Oct 08 20:04:49 +0000 2015,0,1,#Organicfood is a lot different than what I expected. Best option is to still buy local!
156,652212499027259392,Thu Oct 08 20:02:31 +0000 2015,0,0,"@cawrecycles @envirojourney Awesome win! Time for #Microbeads is coming to an end! 
http://t.co/f7N0JzfGbx"
157,652211971044048896,Thu Oct 08 20:00:26 +0000 2015,0,0,Have a #Vegan recipe you would like to share? Tweet it!
158,652157494882533376,Thu Oct 08 16:23:57 +0000 2015,0,0,Your Beauty Bar Compared To A Natural Soap. http://t.co/0MKwdJc0xG http://t.co/3WeylEyOjX
159,651818733766180864,Wed Oct 07 17:57:50 +0000 2015,0,0,What is a Vegan Lifestyle? http://t.co/GsZLFSkKKp http://t.co/kENlgckutT
160,651414249860759552,Tue Oct 06 15:10:34 +0000 2015,0,1,Easy Tips to Fix a Drafty House. http://t.co/JdzV0fbbe5 http://t.co/0VrixoHX4B
161,651209331661078528,Tue Oct 06 01:36:18 +0000 2015,119,0,RT @Greenpeace: These tiny worms might help solve our plastic waste problem http://t.co/Ai9lo4NMUV http://t.co/ZbTLPvWJuR
162,651108021498580992,Mon Oct 05 18:53:43 +0000 2015,0,0,What Does Organic Food Really Mean? http://t.co/GOfrdRXMVG http://t.co/Go1Pjh2xGp
163,651081552714170368,Mon Oct 05 17:08:33 +0000 2015,0,1,"How many of these healthy air cleaning plants do you have in your home?
 http://t.co/wfDVGOwoZr via @_AGLH"
164,650773842177167360,Sun Oct 04 20:45:49 +0000 2015,160,0,"RT @MoveTheWorld: RT if you agree. Elephants belong in the wild, they are #NotEntertainers http://t.co/dATJbjw2LL #WorldAnimalDay http://t.…"
165,650386791632117760,Sat Oct 03 19:07:49 +0000 2015,1,2,Ford Introduces Gas-Free Focus Electric Ad Campaign 100+ MPGe Expected http://t.co/w8d1BBie5Y via @seth_leitman
166,650376471685562368,Sat Oct 03 18:26:48 +0000 2015,0,0,"Let's all welcome Barbara Charles. http://t.co/tDMhinYv2O via @bacgreenliving
#greenblog"
167,650325960332550144,Sat Oct 03 15:06:06 +0000 2015,1,0,Transparency = Trust - http://t.co/ff3hAU8gL6 #productlabels
168,650177859923935232,Sat Oct 03 05:17:36 +0000 2015,2,0,RT @Ways2GoGreen: 7 Tips to Cooking Green http://t.co/qM5yujJx2D #Green
169,649965668863840256,Fri Oct 02 15:14:25 +0000 2015,1,0,What is Greenwashing &amp; What Does It Impact? http://t.co/Az0qJl4v8L http://t.co/KwFaZKNTR9
170,649601089185034240,Thu Oct 01 15:05:43 +0000 2015,0,0,Microfiber Cloths Can Save You Money. http://t.co/S0klFJLaAt http://t.co/SYVtmPCxtw
171,649597471417503744,Thu Oct 01 14:51:20 +0000 2015,0,0,Homemade Showerhead and Faucet Cleaner. http://t.co/C3lc3njsaE via @_AGLH
172,649454376029818880,Thu Oct 01 05:22:44 +0000 2015,0,0,World Vegetarian Day. http://t.co/irkR04HPHr http://t.co/gMFZREOnAG
173,649230108176203776,Wed Sep 30 14:31:34 +0000 2015,0,0,How to Teach Children to Be Green. http://t.co/CTmEz636US http://t.co/9eYMln7pvJ
174,649032356183961600,Wed Sep 30 01:25:46 +0000 2015,0,0,Best Natural Produce Cleaner For Fruits &amp; Vegetables. http://t.co/SiwETT2t8i via @_AGLH
175,648895329715159040,Tue Sep 29 16:21:17 +0000 2015,0,0,Homemade Showerhead and Faucet Cleaner. http://t.co/C3lc3njsaE http://t.co/REGzzEmzoK
176,648623565437140992,Mon Sep 28 22:21:23 +0000 2015,35,0,"RT @EcoHuntress: Best news I have heard in years: Shell has ENDED Arctic
drilling! #SaveTheArctic Read story: http://t.co/vD7pacnzjL http:/…"
177,648491169110884352,Mon Sep 28 13:35:17 +0000 2015,0,0,Volatile Organic Compounds (VOCs). http://t.co/wfopV6HvfA http://t.co/QpdPqWsA5J
178,648301445255720960,Mon Sep 28 01:01:24 +0000 2015,58,0,RT @NRDC: A shocking 42% of America's honeybee colonies collapsed over the past year. http://t.co/8WPATokkQ9 #SaveBees http://t.co/LDUIrz8E…
179,648147422372229122,Sun Sep 27 14:49:22 +0000 2015,0,0,Why is it Important to Reduce Paper Consumption? http://t.co/hta9hKamMU via @_AGLH
180,647955802112815104,Sun Sep 27 02:07:56 +0000 2015,324,0,RT @Greenpeace: New study shows that mackerel and #tuna are in a 'catastrophic' decline http://t.co/6BJtl9JLAR  #changetuna http://t.co/7g9…
181,647775137899659265,Sat Sep 26 14:10:02 +0000 2015,7,7,12 million barrels of oil are used to produce #PlasticBags consumed every year in the US. http://t.co/Oz7LArYfoO http://t.co/te5rxGvmoy
182,647773625676902400,Sat Sep 26 14:04:02 +0000 2015,0,0,"The US consumes 30 Billion disposable water bottles each year / 1,000 bottles of water every single second. http://t.co/0cNagj8EAn"
183,647772635594534912,Sat Sep 26 14:00:06 +0000 2015,0,0,The Peril of Plastic Water Bottles http://t.co/QuVSDal1i9 via @_AGLH #plastic #waterbottles
184,647463288268193792,Fri Sep 25 17:30:51 +0000 2015,1,0,Environmental Impact of Junk Mail. http://t.co/YQ993gkcK9
185,647229003431026688,Fri Sep 25 01:59:54 +0000 2015,0,0,#climatechangenow What are we waiting for? #climatechangeisreal  https://t.co/aP3GSM8kVQ
186,647217269236482048,Fri Sep 25 01:13:16 +0000 2015,0,1,The US throws away more than 60 million plastic water bottles a day. Most go to landfill. #WaterConservation  https://t.co/JOZPWiAhmB
187,647213311247974400,Fri Sep 25 00:57:32 +0000 2015,2,1,Awesome find! #endangeredspecies  https://t.co/b5Tr1ycIkl
188,647212859852652544,Fri Sep 25 00:55:45 +0000 2015,23,0,RT @EnvDefenseFund: Thank you @Pontifex for speaking out for #climatechange. 2015 is turning into a year of climate progress: http://t.co/7…
189,647097459622019072,Thu Sep 24 17:17:11 +0000 2015,0,0,"Switch to Castile Soap, Go Green, &amp; Save Money. http://t.co/CQw11BNItZ http://t.co/czfRTITmFv"
190,646899159081947137,Thu Sep 24 04:09:12 +0000 2015,131,0,RT @Energydesk: The world can get to 100% renewables &amp; create 19m new jobs by 2030 http://t.co/WD3K5GvIyv http://t.co/d5qdYfJENj
191,646898958254542848,Thu Sep 24 04:08:25 +0000 2015,108,0,RT @Greenpeace: Amazing race to #renewables. These 5 countries are ditching fossil fuels. http://t.co/tIeYZ1W968 http://t.co/YvuoyDJFzJ
192,646777625797459970,Wed Sep 23 20:06:17 +0000 2015,9,0,RT @EcoCraigJones: The Kyoto Protocol: Climate Change Success or Global Warming Failure? http://t.co/NnLG04jAFy http://t.co/0uiI72hdM9
193,646717657195020288,Wed Sep 23 16:07:59 +0000 2015,0,1,Best Natural Produce Cleaner For Fruits &amp; Vegetables. http://t.co/SiwETT2t8i http://t.co/b9SFIfb5rh
194,646537208178962433,Wed Sep 23 04:10:57 +0000 2015,27,0,RT @PlanetGreen: Which U.S. states have the most endangered species? http://t.co/RRWKSqioFT http://t.co/k61yMPqMcz
195,646536321805123585,Wed Sep 23 04:07:25 +0000 2015,40,0,RT @RnfrstAlliance: #GoodNews! The rate of global #deforestation has slowed down by +50% since 1990: http://t.co/DgK42ZFjzX via @AlterNet h…
196,646535874017017858,Wed Sep 23 04:05:39 +0000 2015,18,0,RT @RnfrstAlliance: Europe goes #CarFree today for #ClimateWeek: http://t.co/59BvOQEsa0 via @MarketWatch #ActOnClimate #ClimateOptimism htt…
197,646461902659284992,Tue Sep 22 23:11:42 +0000 2015,899,0,"RT @NatGeo: On #WorldRhinoDay, see striking images of the beloved animal in crisis: http://t.co/qdkHBoCBtk"
198,646415056553426945,Tue Sep 22 20:05:33 +0000 2015,0,1,Difference Between Traditional and Green Detergents. http://t.co/EhQhKGJCHg http://t.co/y6w2wL7Awb
199,646358338251329536,Tue Sep 22 16:20:11 +0000 2015,0,0,World Car Free Day. http://t.co/K8f0570P9J http://t.co/ByLqSYdJj6
